    1  12    0.056700288    0.056700288    0.056700288
    -0.250000288    0.249999712    0.136599712        0.007500000    1.000000000    0.052500000      1.662650
     0.068299712    0.142119712    0.392119712       -4.355000000   -4.347500000   -4.870000000      0.674910
     0.318299712   -0.255520288   -0.107880288       -1.032500000   -1.292500000   -1.297500000      0.556730
    -0.181700288   -0.357880288   -0.005520288       -1.257500000   -0.647500000   -1.217500000      1.331580
     0.136599712   -0.250000288    0.249999712        0.052500000    0.007500000    1.000000000      1.662650
     0.392119712    0.068299712    0.142119712       -4.870000000   -4.355000000   -4.347500000      0.674910
    -0.107880288    0.318299712   -0.255520288       -1.297500000   -1.032500000   -1.292500000      0.556730
    -0.005520288   -0.181700288   -0.357880288       -1.217500000   -1.257500000   -0.647500000      1.331580
     0.249999712    0.136599712   -0.250000288        1.000000000    0.052500000    0.007500000      1.662650
     0.142119712    0.392119712    0.068299712       -4.347500000   -4.870000000   -4.355000000      0.674910
    -0.255520288   -0.107880288    0.318299712       -1.292500000   -1.297500000   -1.032500000      0.556730
    -0.357880288   -0.005520288   -0.181700288       -0.647500000   -1.217500000   -1.257500000      1.331580
    2  12    0.443299697    0.943299697    0.556700303
     0.250000288   -0.249999712    0.136599712       -0.007500000   -1.000000000    0.052500000      1.662650
    -0.068299712   -0.142119712    0.392119712        4.355000000    4.347500000   -4.870000000      0.674910
    -0.318299712    0.255520288   -0.107880288        1.032500000    1.292500000   -1.297500000      0.556730
     0.181700288    0.357880288   -0.005520288        1.257500000    0.647500000   -1.217500000      1.331580
    -0.136599712    0.250000288    0.249999712       -0.052500000   -0.007500000    1.000000000      1.662650
    -0.392119712   -0.068299712    0.142119712        4.870000000    4.355000000   -4.347500000      0.674910
     0.107880288   -0.318299712   -0.255520288        1.297500000    1.032500000   -1.292500000      0.556730
     0.005520288    0.181700288   -0.357880288        1.217500000    1.257500000   -0.647500000      1.331580
    -0.249999712   -0.136599712   -0.250000288       -1.000000000   -0.052500000    0.007500000      1.662650
    -0.142119712   -0.392119712    0.068299712        4.347500000    4.870000000   -4.355000000      0.674910
     0.255520288    0.107880288    0.318299712        1.292500000    1.297500000   -1.032500000      0.556730
     0.357880288    0.005520288   -0.181700288        0.647500000    1.217500000   -1.257500000      1.331580
    3  12    0.943299697    0.556700303    0.443299697
     0.250000288    0.249999712   -0.136599712       -0.007500000    1.000000000   -0.052500000      1.662650
    -0.068299712    0.142119712   -0.392119712        4.355000000   -4.347500000    4.870000000      0.674910
    -0.318299712   -0.255520288    0.107880288        1.032500000   -1.292500000    1.297500000      0.556730
     0.181700288   -0.357880288    0.005520288        1.257500000   -0.647500000    1.217500000      1.331580
    -0.136599712   -0.250000288   -0.249999712       -0.052500000    0.007500000   -1.000000000      1.662650
    -0.392119712    0.068299712   -0.142119712        4.870000000   -4.355000000    4.347500000      0.674910
     0.107880288    0.318299712    0.255520288        1.297500000   -1.032500000    1.292500000      0.556730
     0.005520288   -0.181700288    0.357880288        1.217500000   -1.257500000    0.647500000      1.331580
    -0.249999712    0.136599712    0.250000288       -1.000000000    0.052500000   -0.007500000      1.662650
    -0.142119712    0.392119712   -0.068299712        4.347500000   -4.870000000    4.355000000      0.674910
     0.255520288   -0.107880288   -0.318299712        1.292500000   -1.297500000    1.032500000      0.556730
     0.357880288   -0.005520288    0.181700288        0.647500000   -1.217500000    1.257500000      1.331580
    4  12    0.556700303    0.443299697    0.943299697
    -0.250000288   -0.249999712   -0.136599712        0.007500000   -1.000000000   -0.052500000      1.662650
     0.068299712   -0.142119712   -0.392119712       -4.355000000    4.347500000    4.870000000      0.674910
     0.318299712    0.255520288    0.107880288       -1.032500000    1.292500000    1.297500000      0.556730
    -0.181700288    0.357880288    0.005520288       -1.257500000    0.647500000    1.217500000      1.331580
     0.136599712    0.250000288   -0.249999712        0.052500000   -0.007500000   -1.000000000      1.662650
     0.392119712   -0.068299712   -0.142119712       -4.870000000    4.355000000    4.347500000      0.674910
    -0.107880288   -0.318299712    0.255520288       -1.297500000    1.032500000    1.292500000      0.556730
    -0.005520288    0.181700288    0.357880288       -1.217500000    1.257500000    0.647500000      1.331580
     0.249999712   -0.136599712    0.250000288        1.000000000   -0.052500000   -0.007500000      1.662650
     0.142119712   -0.392119712   -0.068299712       -4.347500000    4.870000000    4.355000000      0.674910
    -0.255520288    0.107880288   -0.318299712       -1.292500000    1.297500000    1.032500000      0.556730
    -0.357880288    0.005520288    0.181700288       -0.647500000    1.217500000    1.257500000      1.331580
    5  12    0.806700303    0.306700303    0.193299712
     0.249999712   -0.250000288   -0.136599712        1.000000000    0.007500000   -0.052500000      1.662650
     0.142119712    0.068299712   -0.392119712       -4.347500000   -4.355000000    4.870000000      0.674910
    -0.255520288    0.318299712    0.107880288       -1.292500000   -1.032500000    1.297500000      0.556730
    -0.357880288   -0.181700288    0.005520288       -0.647500000   -1.257500000    1.217500000      1.331580
    -0.250000288    0.136599712   -0.249999712        0.007500000    0.052500000   -1.000000000      1.662650
     0.068299712    0.392119712   -0.142119712       -4.355000000   -4.870000000    4.347500000      0.674910
     0.318299712   -0.107880288    0.255520288       -1.032500000   -1.297500000    1.292500000      0.556730
    -0.181700288   -0.005520288    0.357880288       -1.257500000   -1.217500000    0.647500000      1.331580
     0.136599712    0.249999712    0.250000288        0.052500000    1.000000000   -0.007500000      1.662650
     0.392119712    0.142119712   -0.068299712       -4.870000000   -4.347500000    4.355000000      0.674910
    -0.107880288   -0.255520288   -0.318299712       -1.297500000   -1.292500000    1.032500000      0.556730
    -0.005520288   -0.357880288    0.181700288       -1.217500000   -0.647500000    1.257500000      1.331580
    6  12    0.693299697    0.693299697    0.693299697
    -0.249999712    0.250000288   -0.136599712       -1.000000000   -0.007500000   -0.052500000      1.662650
    -0.142119712   -0.068299712   -0.392119712        4.347500000    4.355000000    4.870000000      0.674910
     0.255520288   -0.318299712    0.107880288        1.292500000    1.032500000    1.297500000      0.556730
     0.357880288    0.181700288    0.005520288        0.647500000    1.257500000    1.217500000      1.331580
     0.250000288   -0.136599712   -0.249999712       -0.007500000   -0.052500000   -1.000000000      1.662650
    -0.068299712   -0.392119712   -0.142119712        4.355000000    4.870000000    4.347500000      0.674910
    -0.318299712    0.107880288    0.255520288        1.032500000    1.297500000    1.292500000      0.556730
     0.181700288    0.005520288    0.357880288        1.257500000    1.217500000    0.647500000      1.331580
    -0.136599712   -0.249999712    0.250000288       -0.052500000   -1.000000000   -0.007500000      1.662650
    -0.392119712   -0.142119712   -0.068299712        4.870000000    4.347500000    4.355000000      0.674910
     0.107880288    0.255520288   -0.318299712        1.297500000    1.292500000    1.032500000      0.556730
     0.005520288    0.357880288    0.181700288        1.217500000    0.647500000    1.257500000      1.331580
    7  12    0.306700303    0.193299712    0.806700303
     0.249999712    0.250000288    0.136599712        1.000000000   -0.007500000    0.052500000      1.662650
     0.142119712   -0.068299712    0.392119712       -4.347500000    4.355000000   -4.870000000      0.674910
    -0.255520288   -0.318299712   -0.107880288       -1.292500000    1.032500000   -1.297500000      0.556730
    -0.357880288    0.181700288   -0.005520288       -0.647500000    1.257500000   -1.217500000      1.331580
    -0.250000288   -0.136599712    0.249999712        0.007500000   -0.052500000    1.000000000      1.662650
     0.068299712   -0.392119712    0.142119712       -4.355000000    4.870000000   -4.347500000      0.674910
     0.318299712    0.107880288   -0.255520288       -1.032500000    1.297500000   -1.292500000      0.556730
    -0.181700288    0.005520288   -0.357880288       -1.257500000    1.217500000   -0.647500000      1.331580
     0.136599712   -0.249999712   -0.250000288        0.052500000   -1.000000000    0.007500000      1.662650
     0.392119712   -0.142119712    0.068299712       -4.870000000    4.347500000   -4.355000000      0.674910
    -0.107880288    0.255520288    0.318299712       -1.297500000    1.292500000   -1.032500000      0.556730
    -0.005520288    0.357880288   -0.181700288       -1.217500000    0.647500000   -1.257500000      1.331580
    8  12    0.193299712    0.806700303    0.306700303
    -0.249999712   -0.250000288    0.136599712       -1.000000000    0.007500000    0.052500000      1.662650
    -0.142119712    0.068299712    0.392119712        4.347500000   -4.355000000   -4.870000000      0.674910
     0.255520288    0.318299712   -0.107880288        1.292500000   -1.032500000   -1.297500000      0.556730
     0.357880288   -0.181700288   -0.005520288        0.647500000   -1.257500000   -1.217500000      1.331580
     0.250000288    0.136599712    0.249999712       -0.007500000    0.052500000    1.000000000      1.662650
    -0.068299712    0.392119712    0.142119712        4.355000000   -4.870000000   -4.347500000      0.674910
    -0.318299712   -0.107880288   -0.255520288        1.032500000   -1.297500000   -1.292500000      0.556730
     0.181700288   -0.005520288   -0.357880288        1.257500000   -1.217500000   -0.647500000      1.331580
    -0.136599712    0.249999712   -0.250000288       -0.052500000    1.000000000    0.007500000      1.662650
    -0.392119712    0.142119712    0.068299712        4.870000000   -4.347500000   -4.355000000      0.674910
     0.107880288   -0.255520288    0.318299712        1.297500000   -1.292500000   -1.032500000      0.556730
     0.005520288   -0.357880288   -0.181700288        1.217500000   -0.647500000   -1.257500000      1.331580
    9  12    0.125000000    0.198817121    0.448817106
    -0.068300000   -0.142117121   -0.392117106        4.355000000    4.347500000    4.870000000      0.674910
     0.323820000   -0.073817121   -0.249997106        3.912500000    3.372500000    2.935000000      1.047830
     0.073820000    0.250002879   -0.323817106       -3.372500000   -2.935000000   -3.912500000      1.047830
     0.068300000   -0.392117121   -0.142117106       -4.355000000    4.870000000    4.347500000      0.674910
    -0.323820000   -0.249997121   -0.073817106       -3.912500000    2.935000000    3.372500000      1.047830
    -0.073820000   -0.323817121    0.250002894        3.372500000   -3.912500000   -2.935000000      1.047830
    -0.176180000    0.176182879    0.352362894       -1.577500000   -1.212500000   -1.855000000      0.564410
     0.176180000    0.352362879    0.176182894       -1.212500000   -1.855000000    1.577500000      0.564410
     0.181700000   -0.005517121    0.357882894        1.257500000   -1.217500000    0.647500000      1.331580
    -0.181700000    0.357882879   -0.005517106       -1.257500000    0.647500000   -1.217500000      1.331580
    -0.318300000    0.107882879   -0.255517106        1.032500000    1.297500000   -1.292500000      0.556850
     0.318300000   -0.255517121    0.107882894       -1.032500000   -1.292500000    1.297500000      0.556850
   10  12    0.375000000    0.801182894    0.948817106
     0.068300000    0.142117121   -0.392117106       -4.355000000   -4.347500000    4.870000000      0.674910
    -0.323820000    0.073817121   -0.249997106       -3.912500000   -3.372500000    2.935000000      1.047830
    -0.073820000   -0.250002879   -0.323817106        3.372500000    2.935000000   -3.912500000      1.047830
    -0.068300000    0.392117121   -0.142117106        4.355000000   -4.870000000    4.347500000      0.674910
     0.323820000    0.249997121   -0.073817106        3.912500000   -2.935000000    3.372500000      1.047830
     0.073820000    0.323817121    0.250002894       -3.372500000    3.912500000   -2.935000000      1.047830
     0.176180000   -0.176182879    0.352362894        1.577500000    1.212500000   -1.855000000      0.564410
    -0.176180000   -0.352362879    0.176182894        1.212500000    1.855000000    1.577500000      0.564410
    -0.181700000    0.005517121    0.357882894       -1.257500000    1.217500000    0.647500000      1.331580
     0.181700000   -0.357882879   -0.005517106        1.257500000   -0.647500000   -1.217500000      1.331580
     0.318300000   -0.107882879   -0.255517106       -1.032500000   -1.297500000   -1.292500000      0.556850
    -0.318300000    0.255517121    0.107882894        1.032500000    1.292500000    1.297500000      0.556850
   11  12    0.875000000    0.698817106    0.051182894
     0.068300000   -0.142117121    0.392117106       -4.355000000    4.347500000   -4.870000000      0.674910
    -0.323820000   -0.073817121    0.249997106       -3.912500000    3.372500000   -2.935000000      1.047830
    -0.073820000    0.250002879    0.323817106        3.372500000   -2.935000000    3.912500000      1.047830
    -0.068300000   -0.392117121    0.142117106        4.355000000    4.870000000   -4.347500000      0.674910
     0.323820000   -0.249997121    0.073817106        3.912500000    2.935000000   -3.372500000      1.047830
     0.073820000   -0.323817121   -0.250002894       -3.372500000   -3.912500000    2.935000000      1.047830
     0.176180000    0.176182879   -0.352362894        1.577500000   -1.212500000    1.855000000      0.564410
    -0.176180000    0.352362879   -0.176182894        1.212500000   -1.855000000   -1.577500000      0.564410
    -0.181700000   -0.005517121   -0.357882894       -1.257500000   -1.217500000   -0.647500000      1.331580
     0.181700000    0.357882879    0.005517106        1.257500000    0.647500000    1.217500000      1.331580
     0.318300000    0.107882879    0.255517106       -1.032500000    1.297500000    1.292500000      0.556850
    -0.318300000   -0.255517121   -0.107882894        1.032500000   -1.292500000   -1.297500000      0.556850
   12  12    0.625000000    0.301182894    0.551182894
    -0.068300000    0.142117121    0.392117106        4.355000000   -4.347500000   -4.870000000      0.674910
     0.323820000    0.073817121    0.249997106        3.912500000   -3.372500000   -2.935000000      1.047830
     0.073820000   -0.250002879    0.323817106       -3.372500000    2.935000000    3.912500000      1.047830
     0.068300000    0.392117121    0.142117106       -4.355000000   -4.870000000   -4.347500000      0.674910
    -0.323820000    0.249997121    0.073817106       -3.912500000   -2.935000000   -3.372500000      1.047830
    -0.073820000    0.323817121   -0.250002894        3.372500000    3.912500000    2.935000000      1.047830
    -0.176180000   -0.176182879   -0.352362894       -1.577500000    1.212500000    1.855000000      0.564410
     0.176180000   -0.352362879   -0.176182894       -1.212500000    1.855000000   -1.577500000      0.564410
     0.181700000    0.005517121   -0.357882894        1.257500000    1.217500000   -0.647500000      1.331580
    -0.181700000   -0.357882879    0.005517106       -1.257500000   -0.647500000    1.217500000      1.331580
    -0.318300000   -0.107882879    0.255517106        1.032500000   -1.297500000    1.292500000      0.556850
     0.318300000    0.255517121   -0.107882894       -1.032500000    1.292500000   -1.297500000      0.556850
   13  12    0.448817106    0.125000000    0.198817121
    -0.142117121    0.068300000   -0.392117106        4.347500000   -4.355000000    4.870000000      0.674910
    -0.073817121   -0.323820000   -0.249997106        3.372500000   -3.912500000    2.935000000      1.047830
     0.250002879   -0.073820000   -0.323817106       -2.935000000    3.372500000   -3.912500000      1.047830
    -0.392117121   -0.068300000   -0.142117106        4.870000000    4.355000000    4.347500000      0.674910
    -0.249997121    0.323820000   -0.073817106        2.935000000    3.912500000    3.372500000      1.047830
    -0.323817121    0.073820000    0.250002894       -3.912500000   -3.372500000   -2.935000000      1.047830
     0.176182879    0.176180000    0.352362894       -1.212500000    1.577500000   -1.855000000      0.564410
     0.352362879   -0.176180000    0.176182894       -1.855000000    1.212500000    1.577500000      0.564410
    -0.005517121   -0.181700000    0.357882894       -1.217500000   -1.257500000    0.647500000      1.331580
     0.357882879    0.181700000   -0.005517106        0.647500000    1.257500000   -1.217500000      1.331580
     0.107882879    0.318300000   -0.255517106        1.297500000   -1.032500000   -1.292500000      0.556850
    -0.255517121   -0.318300000    0.107882894       -1.292500000    1.032500000    1.297500000      0.556850
   14  12    0.948817106    0.375000000    0.801182894
    -0.142117121   -0.068300000    0.392117106        4.347500000    4.355000000   -4.870000000      0.674910
    -0.073817121    0.323820000    0.249997106        3.372500000    3.912500000   -2.935000000      1.047830
     0.250002879    0.073820000    0.323817106       -2.935000000   -3.372500000    3.912500000      1.047830
    -0.392117121    0.068300000    0.142117106        4.870000000   -4.355000000   -4.347500000      0.674910
    -0.249997121   -0.323820000    0.073817106        2.935000000   -3.912500000   -3.372500000      1.047830
    -0.323817121   -0.073820000   -0.250002894       -3.912500000    3.372500000    2.935000000      1.047830
     0.176182879   -0.176180000   -0.352362894       -1.212500000   -1.577500000    1.855000000      0.564410
     0.352362879    0.176180000   -0.176182894       -1.855000000   -1.212500000   -1.577500000      0.564410
    -0.005517121    0.181700000   -0.357882894       -1.217500000    1.257500000   -0.647500000      1.331580
     0.357882879   -0.181700000    0.005517106        0.647500000   -1.257500000    1.217500000      1.331580
     0.107882879   -0.318300000    0.255517106        1.297500000    1.032500000    1.292500000      0.556850
    -0.255517121    0.318300000   -0.107882894       -1.292500000   -1.032500000   -1.297500000      0.556850
   15  12    0.051182894    0.875000000    0.698817106
     0.142117121   -0.068300000   -0.392117106       -4.347500000    4.355000000    4.870000000      0.674910
     0.073817121    0.323820000   -0.249997106       -3.372500000    3.912500000    2.935000000      1.047830
    -0.250002879    0.073820000   -0.323817106        2.935000000   -3.372500000   -3.912500000      1.047830
     0.392117121    0.068300000   -0.142117106       -4.870000000   -4.355000000    4.347500000      0.674910
     0.249997121   -0.323820000   -0.073817106       -2.935000000   -3.912500000    3.372500000      1.047830
     0.323817121   -0.073820000    0.250002894        3.912500000    3.372500000   -2.935000000      1.047830
    -0.176182879   -0.176180000    0.352362894        1.212500000   -1.577500000   -1.855000000      0.564410
    -0.352362879    0.176180000    0.176182894        1.855000000   -1.212500000    1.577500000      0.564410
     0.005517121    0.181700000    0.357882894        1.217500000    1.257500000    0.647500000      1.331580
    -0.357882879   -0.181700000   -0.005517106       -0.647500000   -1.257500000   -1.217500000      1.331580
    -0.107882879   -0.318300000   -0.255517106       -1.297500000    1.032500000   -1.292500000      0.556850
     0.255517121    0.318300000    0.107882894        1.292500000   -1.032500000    1.297500000      0.556850
   16  12    0.551182894    0.625000000    0.301182894
     0.142117121    0.068300000    0.392117106       -4.347500000   -4.355000000   -4.870000000      0.674910
     0.073817121   -0.323820000    0.249997106       -3.372500000   -3.912500000   -2.935000000      1.047830
    -0.250002879   -0.073820000    0.323817106        2.935000000    3.372500000    3.912500000      1.047830
     0.392117121   -0.068300000    0.142117106       -4.870000000    4.355000000   -4.347500000      0.674910
     0.249997121    0.323820000    0.073817106       -2.935000000    3.912500000   -3.372500000      1.047830
     0.323817121    0.073820000   -0.250002894        3.912500000   -3.372500000    2.935000000      1.047830
    -0.176182879    0.176180000   -0.352362894        1.212500000    1.577500000    1.855000000      0.564410
    -0.352362879   -0.176180000   -0.176182894        1.855000000    1.212500000   -1.577500000      0.564410
     0.005517121   -0.181700000   -0.357882894        1.217500000   -1.257500000   -0.647500000      1.331580
    -0.357882879    0.181700000    0.005517106       -0.647500000    1.257500000    1.217500000      1.331580
    -0.107882879    0.318300000    0.255517106       -1.297500000   -1.032500000    1.292500000      0.556850
     0.255517121   -0.318300000   -0.107882894        1.292500000    1.032500000   -1.297500000      0.556850
   17  12    0.198817121    0.448817106    0.125000000
    -0.392117106   -0.142117121    0.068300000        4.870000000    4.347500000   -4.355000000      0.674910
    -0.249997106   -0.073817121   -0.323820000        2.935000000    3.372500000   -3.912500000      1.047830
    -0.323817106    0.250002879   -0.073820000       -3.912500000   -2.935000000    3.372500000      1.047830
    -0.142117106   -0.392117121   -0.068300000        4.347500000    4.870000000    4.355000000      0.674910
    -0.073817106   -0.249997121    0.323820000        3.372500000    2.935000000    3.912500000      1.047830
     0.250002894   -0.323817121    0.073820000       -2.935000000   -3.912500000   -3.372500000      1.047830
     0.352362894    0.176182879    0.176180000       -1.855000000   -1.212500000    1.577500000      0.564410
     0.176182894    0.352362879   -0.176180000        1.577500000   -1.855000000    1.212500000      0.564410
     0.357882894   -0.005517121   -0.181700000        0.647500000   -1.217500000   -1.257500000      1.331580
    -0.005517106    0.357882879    0.181700000       -1.217500000    0.647500000    1.257500000      1.331580
    -0.255517106    0.107882879    0.318300000       -1.292500000    1.297500000   -1.032500000      0.556850
     0.107882894   -0.255517121   -0.318300000        1.297500000   -1.292500000    1.032500000      0.556850
   18  12    0.801182894    0.948817106    0.375000000
     0.392117106   -0.142117121   -0.068300000       -4.870000000    4.347500000    4.355000000      0.674910
     0.249997106   -0.073817121    0.323820000       -2.935000000    3.372500000    3.912500000      1.047830
     0.323817106    0.250002879    0.073820000        3.912500000   -2.935000000   -3.372500000      1.047830
     0.142117106   -0.392117121    0.068300000       -4.347500000    4.870000000   -4.355000000      0.674910
     0.073817106   -0.249997121   -0.323820000       -3.372500000    2.935000000   -3.912500000      1.047830
    -0.250002894   -0.323817121   -0.073820000        2.935000000   -3.912500000    3.372500000      1.047830
    -0.352362894    0.176182879   -0.176180000        1.855000000   -1.212500000   -1.577500000      0.564410
    -0.176182894    0.352362879    0.176180000       -1.577500000   -1.855000000   -1.212500000      0.564410
    -0.357882894   -0.005517121    0.181700000       -0.647500000   -1.217500000    1.257500000      1.331580
     0.005517106    0.357882879   -0.181700000        1.217500000    0.647500000   -1.257500000      1.331580
     0.255517106    0.107882879   -0.318300000        1.292500000    1.297500000    1.032500000      0.556850
    -0.107882894   -0.255517121    0.318300000       -1.297500000   -1.292500000   -1.032500000      0.556850
   19  12    0.698817106    0.051182894    0.875000000
    -0.392117106    0.142117121   -0.068300000        4.870000000   -4.347500000    4.355000000      0.674910
    -0.249997106    0.073817121    0.323820000        2.935000000   -3.372500000    3.912500000      1.047830
    -0.323817106   -0.250002879    0.073820000       -3.912500000    2.935000000   -3.372500000      1.047830
    -0.142117106    0.392117121    0.068300000        4.347500000   -4.870000000   -4.355000000      0.674910
    -0.073817106    0.249997121   -0.323820000        3.372500000   -2.935000000   -3.912500000      1.047830
     0.250002894    0.323817121   -0.073820000       -2.935000000    3.912500000    3.372500000      1.047830
     0.352362894   -0.176182879   -0.176180000       -1.855000000    1.212500000   -1.577500000      0.564410
     0.176182894   -0.352362879    0.176180000        1.577500000    1.855000000   -1.212500000      0.564410
     0.357882894    0.005517121    0.181700000        0.647500000    1.217500000    1.257500000      1.331580
    -0.005517106   -0.357882879   -0.181700000       -1.217500000   -0.647500000   -1.257500000      1.331580
    -0.255517106   -0.107882879   -0.318300000       -1.292500000   -1.297500000    1.032500000      0.556850
     0.107882894    0.255517121    0.318300000        1.297500000    1.292500000   -1.032500000      0.556850
   20  12    0.301182894    0.551182894    0.625000000
     0.392117106    0.142117121    0.068300000       -4.870000000   -4.347500000   -4.355000000      0.674910
     0.249997106    0.073817121   -0.323820000       -2.935000000   -3.372500000   -3.912500000      1.047830
     0.323817106   -0.250002879   -0.073820000        3.912500000    2.935000000    3.372500000      1.047830
     0.142117106    0.392117121   -0.068300000       -4.347500000   -4.870000000    4.355000000      0.674910
     0.073817106    0.249997121    0.323820000       -3.372500000   -2.935000000    3.912500000      1.047830
    -0.250002894    0.323817121    0.073820000        2.935000000    3.912500000   -3.372500000      1.047830
    -0.352362894   -0.176182879    0.176180000        1.855000000    1.212500000    1.577500000      0.564410
    -0.176182894   -0.352362879   -0.176180000       -1.577500000    1.855000000    1.212500000      0.564410
    -0.357882894    0.005517121   -0.181700000       -0.647500000    1.217500000   -1.257500000      1.331580
     0.005517106   -0.357882879    0.181700000        1.217500000   -0.647500000    1.257500000      1.331580
     0.255517106   -0.107882879    0.318300000        1.292500000   -1.297500000   -1.032500000      0.556850
    -0.107882894    0.255517121   -0.318300000       -1.297500000    1.292500000    1.032500000      0.556850
